199
200
202
204
213
215
217
221
219
223
233
225
229
231
227
234
240
236
238
235
237
239
263
264
262
209
207
209
207
163
164
165
173
172
209
207
265
267
261
266
268
209
207
207
209
213
219
217
221
215
211
210
269
273
271
275
261
272
276
206
279
280
278
295
297
277
203
205
201
299
303
301
305
277
302
306
198
281
284
277
279
280
278
287
291
277
288
292
289
293
287
291
277
288
292
289
293
313
314
308
315
310
316
312
317
319
309
318
320
321
323
309
322
324
